1.5929767351676127 1.8617879518891653
0.9062426957987085 1.0364056463745501
0.6520766843493376 2.0526900683634723
-0.3033128771018434 2.3709231653479224
1.0972595734583002 0.4769421512492875
0.9085664362863537 1.1886702055854337
1.8336424275237575 1.199037761693071
0.5712811693319784 0.5885746151525333
1.0439570496876858 0.430101854245049
0.9558180908272808 0.07993072177875549
1.032689139438852 1.5861029998489355
2.0508915313266574 1.1210831707759228
1.2118805778355999 0.9152619844845737
-0.2927221288783626 1.9737455472299656
1.1250623114648781 1.8545347490405895
1.5603061451650908 1.0741504039121863
1.0938179664907337 2.035431800940617
0.7462827652365345 1.4150356340387302
0.36354492183898846 0.13119533611115852
1.5964601077863638 1.1259633917145329
0.23368307359287943 1.9309221613378265
1.4089373607724334 1.1926563294185555
0.9294583332179244 0.8016815290409933
1.9732172380144992 1.4316944393272597
1.8607400830535394 0.7434718988277209
1.1315381311059864 1.2592432368558923
0.5710560893046568 2.930701732958016
0.156309451774024 0.5088003110419409
1.6628286270375703 0.7348190639271651
1.9511541552063338 1.4159886552857381
0.774413209175354 1.2211289568575048
1.0417521357217918 1.4227730990467549
0.9195693501542643 -0.4373929553418756
1.857310257560044 1.9891062887610884
1.2484477028368857 1.020689535119961
0.21915619017074683 1.5542020227400213
0.9175066319094749 1.1113364246247424
1.1929075563751204 0.98077356262228
0.5007119834590905 1.49471998798027
0.3461983352733742 1.6143662186904644
1.1094141563953817 1.6421801675150367
0.702303392798922 -0.01005346416525632
1.2559439909677932 1.2118588164851078
0.2260474317042629 0.5010174402280863
1.5869403994510929 1.1183958303028219
-0.9319391199758704 1.7816486897631008
0.9475692776115371 1.100726661659065
0.9473576623410305 0.39207835085078147
0.650724052973749 -0.16903956477933302
0.32241017565889096 0.49193106672916076
3.4903400335213117 6.4002174699140015
4.77958996728559 5.245510581492979
4.323488028809909 3.8318745149091935
3.049122104140263 4.982470581211522
4.253875455368156 5.085883826222048
3.4951107151456333 4.801124742033185
3.638090808422753 4.732124866036632
4.256005479966212 4.726048528481129
4.280026424583717 5.297167212520825
3.428034764845621 5.491249234902863
5.079498494858233 5.576446798182245
2.6656328816913843 5.090898826110912
4.6335546263462355 5.486288741714032
4.006721526668605 4.750029581082045
4.110824854589158 5.980064830959835
3.232028388111378 6.055032538441566
4.163282230120526 3.6911327623482695
4.001495224351763 4.905571009611257
3.9856376231170922 4.780388796317703
4.754179516661035 7.35687292897846
4.456615110888174 3.96033652538486
3.22533174632804 4.156862262992979
4.410076631111009 5.561737295620734
3.9009268662443155 4.651759508365503
4.55562110017118 5.231864359859309
3.253493941516842 4.880771636217813
3.9501951620108553 4.854562217884549
4.083544855615382 4.603217079467149
3.7578361233741404 5.197542529574803
3.1726677606286415 5.218752833387547
4.677959920864821 4.993276148328919
3.9569739384673364 3.0660921624170854
3.0159520054920534 3.802211070158526
3.8354208529902154 5.134135543405749
4.768034087994874 3.8341725015161536
3.819486963066727 5.396129902825871
4.197664692598392 3.8565067051351436
5.0471888173989194 5.870239363464767
4.344988195130024 4.058824440308991
3.4598780325648764 4.78077855988185
3.3895645055063426 4.511306436086877
4.076907350959079 4.916937675665948
4.3879221868535145 4.822149262510159
4.412563265438909 5.689982984125852
2.4028403176508766 4.715427547553557
4.415970460647354 4.771115917819241
4.417092174651244 5.711091336758376
5.225380231314584 5.638124194863566
3.109169381401536 4.377485341579841
4.064410377479917 4.518692544616885
5.364606200351093 1.685024826785693
5.657252746616262 0.8752683825571654
6.052165383494346 0.6264247984612097
4.147715396662132 0.9916147277139218
5.634360579995271 1.826053833955234
6.178364555352563 2.163395755291778
4.494978325105737 0.6183996769508497
6.899515297835769 1.3787812441040148
5.908904341230722 0.8415429640480622
5.405482053589435 1.411372170910417
5.638392226871286 1.1719918336621478
5.531007296071511 1.0584322080197683
6.102594749630476 1.917951517299435
6.426186554295714 0.7651688002269259
6.206886745146795 0.7025821918672177
6.548219674329118 1.4976485014551082
5.822223912056214 1.0593198646847657
5.665737918095355 1.1962458407590326
5.283191619565788 0.8702712288486393
6.91144197153122 1.4836775111732614
5.274936554743543 1.4595670802007996
5.339220552161184 0.885435108691297
5.958490377557473 0.587611369535874
6.634698936370672 0.5401487071304703
4.627611235523442 0.09215050704597716
4.6804745026046035 1.1968904826163138
5.561617563309586 1.5990168226747703
4.940142874506227 1.3312376090232472
5.629127259648361 1.6981245810737575
6.907941215478346 1.086716171898375
6.9114126109076 1.984414294497358
4.92684186641071 0.6448579227988744
6.675857674792457 1.4733894271749801
5.688219892143393 1.4752873653831824
6.59936520765752 1.353346074433723
6.376055832957886 1.270412509895435
6.930338439677077 0.7422229730287497
5.646418156539676 0.8867037568575485
5.932107821862868 1.7387875435284386
6.1794420081183254 0.2974631120981198
7.459667490599176 1.230877973305435
6.044120278680533 0.14814385402321195
5.9162866432644705 -0.5873568094510382
6.381331299411188 0.20374752421596054
7.3140406114221435 1.0540279428631112
5.979016058789535 0.7087358742571721
4.77949162816747 1.6626334887980532
5.281930981187606 0.9454262735321486
5.297724917900265 1.1809687178830024
4.827138374953715 0.8152443859882643
